0.08125 0.00625 0.00625 0.01875 0.78125 0.00625 0.03125 0.00625 0.05625 0.00625 
0.00663716814159292 0.011061946902654867 0.0022123893805309734 0.0022123893805309734 0.00663716814159292 0.00663716814159292 0.922566371681416 0.0022123893805309734 0.011061946902654867 0.028761061946902654 
0.006329113924050633 0.006329113924050633 0.03164556962025317 0.006329113924050633 0.03164556962025317 0.006329113924050633 0.6392405063291139 0.12025316455696203 0.14556962025316456 0.006329113924050633 
9.433962264150943E-4 9.433962264150943E-4 9.433962264150943E-4 9.433962264150943E-4 0.008490566037735849 9.433962264150943E-4 9.433962264150943E-4 0.7481132075471698 0.2349056603773585 0.002830188679245283 
0.0021929824561403508 0.34868421052631576 0.015350877192982455 0.0021929824561403508 0.010964912280701754 0.0021929824561403508 0.0021929824561403508 0.019736842105263157 0.21710526315789475 0.3793859649122807 
0.005681818181818182 0.509469696969697 0.10795454545454546 0.001893939393939394 0.02462121212121212 0.001893939393939394 0.02462121212121212 0.001893939393939394 0.3087121212121212 0.013257575757575758 
0.8757225433526011 0.010597302504816955 9.633911368015414E-4 0.002890173410404624 0.002890173410404624 0.002890173410404624 0.014450867052023121 9.633911368015414E-4 0.08766859344894026 9.633911368015414E-4 
0.0026455026455026454 0.007936507936507936 0.3148148148148148 0.023809523809523808 0.007936507936507936 0.007936507936507936 0.0026455026455026454 0.007936507936507936 0.58994708994709 0.03439153439153439 
6.016847172081829E-4 6.016847172081829E-4 0.0018050541516245488 0.944043321299639 0.0018050541516245488 6.016847172081829E-4 6.016847172081829E-4 0.0030084235860409147 0.04512635379061372 0.0018050541516245488 
0.01804123711340206 0.007731958762886598 0.002577319587628866 0.002577319587628866 0.01804123711340206 0.7654639175257731 0.01804123711340206 0.002577319587628866 0.16237113402061856 0.002577319587628866 
0.0076650943396226415 5.896226415094339E-4 0.005306603773584905 0.006485849056603774 0.00884433962264151 0.001768867924528302 0.001768867924528302 5.896226415094339E-4 0.1479952830188679 0.8189858490566038 
0.007352941176470588 0.03676470588235294 0.16911764705882354 0.03676470588235294 0.007352941176470588 0.007352941176470588 0.03676470588235294 0.0661764705882353 0.625 0.007352941176470588 
