0.031578947368421054 0.010526315789473684 0.031578947368421054 0.010526315789473684 0.010526315789473684 0.010526315789473684 0.010526315789473684 0.010526315789473684 0.010526315789473684 0.010526315789473684 0.010526315789473684 0.010526315789473684 0.010526315789473684 0.8105263157894737 0.010526315789473684 
0.009230769230769232 0.015384615384615385 0.027692307692307693 0.015384615384615385 0.009230769230769232 0.009230769230769232 0.003076923076923077 0.10153846153846154 0.015384615384615385 0.1076923076923077 0.003076923076923077 0.003076923076923077 0.003076923076923077 0.31076923076923074 0.36615384615384616 
0.008695652173913044 0.008695652173913044 0.008695652173913044 0.008695652173913044 0.008695652173913044 0.008695652173913044 0.008695652173913044 0.02608695652173913 0.008695652173913044 0.008695652173913044 0.008695652173913044 0.008695652173913044 0.008695652173913044 0.4956521739130435 0.3739130434782609 
0.01694915254237288 0.01694915254237288 0.01694915254237288 0.01694915254237288 0.01694915254237288 0.01694915254237288 0.01694915254237288 0.01694915254237288 0.05084745762711865 0.288135593220339 0.01694915254237288 0.01694915254237288 0.01694915254237288 0.01694915254237288 0.4576271186440678 
0.005780346820809248 0.005780346820809248 0.005780346820809248 0.005780346820809248 0.005780346820809248 0.005780346820809248 0.005780346820809248 0.005780346820809248 0.017341040462427744 0.005780346820809248 0.005780346820809248 0.005780346820809248 0.005780346820809248 0.8959537572254336 0.017341040462427744 
0.0499001996007984 0.001996007984031936 0.001996007984031936 0.001996007984031936 0.001996007984031936 0.001996007984031936 0.001996007984031936 0.00998003992015968 0.001996007984031936 0.001996007984031936 0.001996007984031936 0.001996007984031936 0.001996007984031936 0.9161676646706587 0.001996007984031936 
0.0024096385542168677 0.0024096385542168677 0.007228915662650603 0.0024096385542168677 0.0024096385542168677 0.0024096385542168677 0.0024096385542168677 0.0024096385542168677 0.007228915662650603 0.0024096385542168677 0.0024096385542168677 0.0024096385542168677 0.0024096385542168677 0.9566265060240964 0.0024096385542168677 
0.003745318352059925 0.003745318352059925 0.003745318352059925 0.003745318352059925 0.003745318352059925 0.003745318352059925 0.003745318352059925 0.003745318352059925 0.003745318352059925 0.003745318352059925 0.003745318352059925 0.011235955056179775 0.003745318352059925 0.9400749063670412 0.003745318352059925 
0.02857142857142857 0.02857142857142857 0.08571428571428572 0.08571428571428572 0.02857142857142857 0.02857142857142857 0.02857142857142857 0.02857142857142857 0.02857142857142857 0.08571428571428572 0.02857142857142857 0.14285714285714285 0.08571428571428572 0.2571428571428571 0.02857142857142857 
0.047619047619047616 0.047619047619047616 0.047619047619047616 0.047619047619047616 0.047619047619047616 0.23809523809523808 0.047619047619047616 0.047619047619047616 0.047619047619047616 0.047619047619047616 0.047619047619047616 0.047619047619047616 0.047619047619047616 0.14285714285714285 0.047619047619047616 
0.005780346820809248 0.017341040462427744 0.005780346820809248 0.017341040462427744 0.005780346820809248 0.7341040462427746 0.005780346820809248 0.005780346820809248 0.005780346820809248 0.12138728323699421 0.005780346820809248 0.005780346820809248 0.005780346820809248 0.05202312138728324 0.005780346820809248 
0.007633587786259542 0.007633587786259542 0.007633587786259542 0.007633587786259542 0.007633587786259542 0.03816793893129771 0.007633587786259542 0.4961832061068702 0.007633587786259542 0.007633587786259542 0.007633587786259542 0.17557251908396945 0.007633587786259542 0.20610687022900764 0.007633587786259542 
0.02564102564102564 0.02564102564102564 0.02564102564102564 0.02564102564102564 0.02564102564102564 0.23076923076923078 0.02564102564102564 0.02564102564102564 0.02564102564102564 0.07692307692307693 0.02564102564102564 0.02564102564102564 0.02564102564102564 0.28205128205128205 0.1282051282051282 
0.02857142857142857 0.02857142857142857 0.02857142857142857 0.02857142857142857 0.14285714285714285 0.02857142857142857 0.02857142857142857 0.02857142857142857 0.02857142857142857 0.02857142857142857 0.02857142857142857 0.02857142857142857 0.02857142857142857 0.37142857142857144 0.14285714285714285 
0.008264462809917356 0.008264462809917356 0.024793388429752067 0.04132231404958678 0.768595041322314 0.04132231404958678 0.008264462809917356 0.008264462809917356 0.008264462809917356 0.008264462809917356 0.024793388429752067 0.008264462809917356 0.008264462809917356 0.008264462809917356 0.024793388429752067 
0.010309278350515464 0.010309278350515464 0.010309278350515464 0.010309278350515464 0.8144329896907216 0.010309278350515464 0.010309278350515464 0.010309278350515464 0.010309278350515464 0.010309278350515464 0.010309278350515464 0.010309278350515464 0.010309278350515464 0.05154639175257732 0.010309278350515464 
0.008264462809917356 0.09090909090909091 0.008264462809917356 0.008264462809917356 0.5537190082644629 0.008264462809917356 0.008264462809917356 0.024793388429752067 0.008264462809917356 0.008264462809917356 0.024793388429752067 0.2231404958677686 0.008264462809917356 0.008264462809917356 0.008264462809917356 
0.0027100271002710027 0.0027100271002710027 0.0027100271002710027 0.0027100271002710027 0.8861788617886179 0.04065040650406504 0.0027100271002710027 0.03523035230352303 0.008130081300813009 0.0027100271002710027 0.0027100271002710027 0.0027100271002710027 0.0027100271002710027 0.0027100271002710027 0.0027100271002710027 
0.017543859649122806 0.017543859649122806 0.017543859649122806 0.017543859649122806 0.05263157894736842 0.017543859649122806 0.017543859649122806 0.017543859649122806 0.017543859649122806 0.017543859649122806 0.017543859649122806 0.543859649122807 0.05263157894736842 0.15789473684210525 0.017543859649122806 
0.011235955056179775 0.033707865168539325 0.011235955056179775 0.011235955056179775 0.011235955056179775 0.011235955056179775 0.011235955056179775 0.5955056179775281 0.011235955056179775 0.011235955056179775 0.011235955056179775 0.011235955056179775 0.011235955056179775 0.011235955056179775 0.23595505617977527 
0.04 0.04 0.04 0.12 0.04 0.12 0.04 0.04 0.04 0.04 0.04 0.12 0.04 0.2 0.04 
5.878894767783657E-4 0.5238095238095238 5.878894767783657E-4 5.878894767783657E-4 5.878894767783657E-4 5.878894767783657E-4 5.878894767783657E-4 5.878894767783657E-4 5.878894767783657E-4 5.878894767783657E-4 5.878894767783657E-4 5.878894767783657E-4 0.001763668430335097 0.1557907113462669 0.31216931216931215 
0.0019646365422396855 0.5442043222003929 0.0019646365422396855 0.0019646365422396855 0.0019646365422396855 0.0019646365422396855 0.0019646365422396855 0.021611001964636542 0.005893909626719057 0.0019646365422396855 0.0019646365422396855 0.0019646365422396855 0.0019646365422396855 0.25736738703339884 0.1512770137524558 
0.005272407732864675 0.7680140597539543 0.0017574692442882249 0.0017574692442882249 0.015817223198594025 0.0017574692442882249 0.0017574692442882249 0.10720562390158173 0.008787346221441126 0.005272407732864675 0.0017574692442882249 0.050966608084358524 0.0017574692442882249 0.0017574692442882249 0.026362038664323375 
0.02040816326530612 0.061224489795918366 0.02040816326530612 0.061224489795918366 0.061224489795918366 0.02040816326530612 0.02040816326530612 0.5510204081632653 0.061224489795918366 0.02040816326530612 0.02040816326530612 0.02040816326530612 0.02040816326530612 0.02040816326530612 0.02040816326530612 
0.012345679012345678 0.012345679012345678 0.037037037037037035 0.012345679012345678 0.037037037037037035 0.012345679012345678 0.037037037037037035 0.6790123456790124 0.012345679012345678 0.012345679012345678 0.012345679012345678 0.012345679012345678 0.06172839506172839 0.012345679012345678 0.037037037037037035 
0.006423982869379015 0.0021413276231263384 0.010706638115631691 0.0021413276231263384 0.0021413276231263384 0.019271948608137045 0.014989293361884369 0.8458244111349036 0.0021413276231263384 0.006423982869379015 0.0021413276231263384 0.006423982869379015 0.0021413276231263384 0.07494646680942184 0.0021413276231263384 
0.0037017451084082496 0.0015864621893178213 5.288207297726071E-4 0.005817028027498678 0.0015864621893178213 0.0026441036488630354 0.0015864621893178213 0.025912215758857746 0.0026441036488630354 0.0037017451084082496 5.288207297726071E-4 0.0015864621893178213 0.9471179270227393 5.288207297726071E-4 5.288207297726071E-4 
0.005128205128205128 0.005128205128205128 0.015384615384615385 0.005128205128205128 0.035897435897435895 0.005128205128205128 0.015384615384615385 0.8666666666666667 0.005128205128205128 0.005128205128205128 0.005128205128205128 0.005128205128205128 0.015384615384615385 0.005128205128205128 0.005128205128205128 
0.001941747572815534 0.5533980582524272 0.005825242718446602 0.001941747572815534 0.001941747572815534 0.001941747572815534 0.001941747572815534 0.001941747572815534 0.001941747572815534 0.001941747572815534 0.001941747572815534 0.001941747572815534 0.001941747572815534 0.22330097087378642 0.19611650485436893 
5.777007510109763E-4 0.5701906412478336 5.777007510109763E-4 5.777007510109763E-4 0.41305603697284804 5.777007510109763E-4 5.777007510109763E-4 0.0017331022530329288 5.777007510109763E-4 0.006354708261120739 5.777007510109763E-4 0.0028885037550548816 5.777007510109763E-4 5.777007510109763E-4 5.777007510109763E-4 
0.004739336492890996 0.9052132701421801 0.014218009478672985 0.004739336492890996 0.004739336492890996 0.004739336492890996 0.004739336492890996 0.014218009478672985 0.004739336492890996 0.004739336492890996 0.004739336492890996 0.004739336492890996 0.004739336492890996 0.004739336492890996 0.014218009478672985 
0.009009009009009009 0.11711711711711711 0.42342342342342343 0.009009009009009009 0.009009009009009009 0.0990990990990991 0.06306306306306306 0.17117117117117117 0.02702702702702703 0.009009009009009009 0.009009009009009009 0.009009009009009009 0.009009009009009009 0.02702702702702703 0.009009009009009009 
0.004016064257028112 0.5903614457831325 0.004016064257028112 0.004016064257028112 0.004016064257028112 0.04417670682730924 0.004016064257028112 0.012048192771084338 0.04417670682730924 0.004016064257028112 0.004016064257028112 0.25301204819277107 0.004016064257028112 0.004016064257028112 0.020080321285140562 
0.002881844380403458 0.5561959654178674 0.002881844380403458 0.002881844380403458 0.002881844380403458 0.008645533141210375 0.002881844380403458 0.38328530259365995 0.002881844380403458 0.020172910662824207 0.002881844380403458 0.002881844380403458 0.002881844380403458 0.002881844380403458 0.002881844380403458 
0.0016806722689075631 0.0016806722689075631 0.0016806722689075631 0.0016806722689075631 0.005042016806722689 0.021848739495798318 0.0016806722689075631 0.0016806722689075631 0.08235294117647059 0.008403361344537815 0.0016806722689075631 0.0016806722689075631 0.0016806722689075631 0.018487394957983194 0.8487394957983193 
0.9388516032811335 0.020134228187919462 0.0022371364653243847 0.006711409395973154 7.457121551081282E-4 0.0037285607755406414 7.457121551081282E-4 7.457121551081282E-4 7.457121551081282E-4 0.014168530947054437 7.457121551081282E-4 7.457121551081282E-4 0.0022371364653243847 0.005219985085756898 0.0022371364653243847 
0.004199160167966407 5.998800239952009E-4 5.998800239952009E-4 0.004199160167966407 5.998800239952009E-4 0.001799640071985603 5.998800239952009E-4 5.998800239952009E-4 5.998800239952009E-4 0.001799640071985603 5.998800239952009E-4 5.998800239952009E-4 5.998800239952009E-4 5.998800239952009E-4 0.982003599280144 
0.6834641681438339 2.532286654849329E-4 2.532286654849329E-4 2.532286654849329E-4 0.0017726006583945303 2.532286654849329E-4 2.532286654849329E-4 7.596859964547987E-4 2.532286654849329E-4 0.03570524183337554 2.532286654849329E-4 2.532286654849329E-4 7.596859964547987E-4 0.14206128133704735 0.13345150671055964 
0.009174311926605505 0.009174311926605505 0.009174311926605505 0.009174311926605505 0.009174311926605505 0.009174311926605505 0.009174311926605505 0.009174311926605505 0.13761467889908258 0.009174311926605505 0.009174311926605505 0.009174311926605505 0.009174311926605505 0.009174311926605505 0.7431192660550459 
0.0011325028312570782 0.0011325028312570782 0.0056625141562853904 0.0033975084937712344 0.0033975084937712344 0.0011325028312570782 0.0011325028312570782 0.0011325028312570782 0.36126840317100795 0.01245753114382786 0.0033975084937712344 0.0011325028312570782 0.0011325028312570782 0.11664779161947905 0.48584371460928655 
0.04918032786885246 0.01639344262295082 0.01639344262295082 0.01639344262295082 0.01639344262295082 0.04918032786885246 0.01639344262295082 0.01639344262295082 0.01639344262295082 0.01639344262295082 0.01639344262295082 0.01639344262295082 0.01639344262295082 0.01639344262295082 0.7049180327868853 
7.58150113722517E-4 0.011372251705837756 7.58150113722517E-4 7.58150113722517E-4 7.58150113722517E-4 7.58150113722517E-4 7.58150113722517E-4 7.58150113722517E-4 0.002274450341167551 0.002274450341167551 7.58150113722517E-4 7.58150113722517E-4 7.58150113722517E-4 7.58150113722517E-4 0.9757391963608795 
0.005714285714285714 0.005714285714285714 0.005714285714285714 0.005714285714285714 0.005714285714285714 0.017142857142857144 0.017142857142857144 0.017142857142857144 0.07428571428571429 0.005714285714285714 0.005714285714285714 0.017142857142857144 0.005714285714285714 0.005714285714285714 0.8057142857142857 
0.0010239606799098914 0.0014335449518738481 6.143764079459349E-4 2.0479213598197828E-4 0.002662297767765718 2.0479213598197828E-4 2.0479213598197828E-4 0.0010239606799098914 6.143764079459349E-4 0.9291419209502355 6.143764079459349E-4 2.0479213598197828E-4 2.0479213598197828E-4 0.060823264386647556 0.0010239606799098914 
0.011844331641285956 0.005076142131979695 0.005076142131979695 0.001692047377326565 0.001692047377326565 0.001692047377326565 0.001692047377326565 0.001692047377326565 0.4179357021996616 0.008460236886632826 0.001692047377326565 0.001692047377326565 0.001692047377326565 0.05245346869712352 0.4856175972927242 
8.55431993156544E-4 8.55431993156544E-4 8.55431993156544E-4 0.0025662959794696323 0.24893071000855432 0.07271171941830624 8.55431993156544E-4 0.0213857998289136 8.55431993156544E-4 8.55431993156544E-4 0.0025662959794696323 0.0025662959794696323 0.6424294268605646 8.55431993156544E-4 8.55431993156544E-4 
4.2354934349851756E-4 0.01736552308343922 0.0021177467174925877 4.2354934349851756E-4 0.9559508682761542 4.2354934349851756E-4 4.2354934349851756E-4 0.0012706480304955528 0.0012706480304955528 4.2354934349851756E-4 0.011435832274459974 0.004659042778483694 4.2354934349851756E-4 4.2354934349851756E-4 0.002964845404489623 
0.9259259259259259 0.003367003367003367 0.003367003367003367 0.003367003367003367 0.003367003367003367 0.003367003367003367 0.003367003367003367 0.016835016835016835 0.016835016835016835 0.003367003367003367 0.003367003367003367 0.003367003367003367 0.003367003367003367 0.003367003367003367 0.003367003367003367 
0.04 0.04 0.04 0.04 0.04 0.04 0.04 0.04 0.04 0.2 0.04 0.04 0.04 0.04 0.28 
0.011235955056179775 0.011235955056179775 0.011235955056179775 0.011235955056179775 0.033707865168539325 0.6179775280898876 0.011235955056179775 0.011235955056179775 0.011235955056179775 0.21348314606741572 0.011235955056179775 0.011235955056179775 0.011235955056179775 0.011235955056179775 0.011235955056179775 
0.0026109660574412533 0.0026109660574412533 0.0026109660574412533 0.3368146214099217 0.0026109660574412533 0.38903394255874674 0.028720626631853787 0.007832898172323759 0.0026109660574412533 0.206266318537859 0.0026109660574412533 0.0026109660574412533 0.0026109660574412533 0.007832898172323759 0.0026109660574412533 
0.003952569169960474 0.003952569169960474 0.011857707509881422 0.35177865612648224 0.003952569169960474 0.08300395256916997 0.11462450592885376 0.003952569169960474 0.003952569169960474 0.2648221343873518 0.011857707509881422 0.003952569169960474 0.13043478260869565 0.003952569169960474 0.003952569169960474 
0.034482758620689655 0.034482758620689655 0.034482758620689655 0.10344827586206896 0.034482758620689655 0.10344827586206896 0.034482758620689655 0.10344827586206896 0.034482758620689655 0.10344827586206896 0.034482758620689655 0.034482758620689655 0.10344827586206896 0.1724137931034483 0.034482758620689655 
0.001564945226917058 0.001564945226917058 0.006781429316640584 0.024517475221700575 0.057902973395931145 0.2968179447052686 5.216484089723526E-4 0.4793948878455921 0.0026082420448617634 0.0026082420448617634 5.216484089723526E-4 0.0026082420448617634 5.216484089723526E-4 0.0026082420448617634 0.11945748565466875 
0.0021474588403722263 7.158196134574087E-4 7.158196134574087E-4 0.0035790980672870437 0.8067287043664997 0.13672154617036505 7.158196134574087E-4 0.006442376521116679 7.158196134574087E-4 0.03507516105941303 7.158196134574087E-4 7.158196134574087E-4 7.158196134574087E-4 0.0035790980672870437 7.158196134574087E-4 
0.008849557522123894 0.008849557522123894 0.02654867256637168 0.02654867256637168 0.02654867256637168 0.5929203539823009 0.008849557522123894 0.008849557522123894 0.02654867256637168 0.13274336283185842 0.008849557522123894 0.008849557522123894 0.008849557522123894 0.04424778761061947 0.061946902654867256 
0.034482758620689655 0.034482758620689655 0.034482758620689655 0.034482758620689655 0.034482758620689655 0.4482758620689655 0.034482758620689655 0.034482758620689655 0.034482758620689655 0.034482758620689655 0.10344827586206896 0.034482758620689655 0.034482758620689655 0.034482758620689655 0.034482758620689655 
0.02857142857142857 0.02857142857142857 0.02857142857142857 0.02857142857142857 0.02857142857142857 0.2571428571428571 0.02857142857142857 0.02857142857142857 0.02857142857142857 0.3142857142857143 0.08571428571428572 0.02857142857142857 0.02857142857142857 0.02857142857142857 0.02857142857142857 
0.09243697478991597 0.025210084033613446 0.008403361344537815 0.09243697478991597 0.008403361344537815 0.680672268907563 0.008403361344537815 0.008403361344537815 0.008403361344537815 0.025210084033613446 0.008403361344537815 0.008403361344537815 0.008403361344537815 0.008403361344537815 0.008403361344537815 
0.02564102564102564 0.02564102564102564 0.02564102564102564 0.02564102564102564 0.1282051282051282 0.23076923076923078 0.02564102564102564 0.02564102564102564 0.02564102564102564 0.23076923076923078 0.07692307692307693 0.02564102564102564 0.02564102564102564 0.07692307692307693 0.02564102564102564 
0.012658227848101266 0.012658227848101266 0.012658227848101266 0.26582278481012656 0.012658227848101266 0.5189873417721519 0.012658227848101266 0.012658227848101266 0.06329113924050633 0.012658227848101266 0.012658227848101266 0.012658227848101266 0.012658227848101266 0.012658227848101266 0.012658227848101266 
0.004219409282700422 0.012658227848101266 0.012658227848101266 0.02109704641350211 0.4767932489451477 0.4008438818565401 0.004219409282700422 0.02109704641350211 0.02109704641350211 0.004219409282700422 0.004219409282700422 0.004219409282700422 0.004219409282700422 0.004219409282700422 0.004219409282700422 
7.74593338497289E-4 0.0023237800154918666 7.74593338497289E-4 0.0038729666924864447 0.008520526723470178 0.9581719597211464 7.74593338497289E-4 0.006971340046475601 0.008520526723470178 0.0023237800154918666 7.74593338497289E-4 0.0038729666924864447 7.74593338497289E-4 7.74593338497289E-4 7.74593338497289E-4 
3.325573661456601E-4 9.976720984369804E-4 3.325573661456601E-4 0.6062520784835385 3.325573661456601E-4 0.0016627868307283007 3.325573661456601E-4 9.976720984369804E-4 3.325573661456601E-4 3.325573661456601E-4 0.0016627868307283007 3.325573661456601E-4 0.3847688726305288 3.325573661456601E-4 9.976720984369804E-4 
0.0036900369003690036 0.0036900369003690036 0.0036900369003690036 0.2029520295202952 0.0036900369003690036 0.7121771217712177 0.0036900369003690036 0.0036900369003690036 0.01107011070110701 0.0036900369003690036 0.0036900369003690036 0.0036900369003690036 0.01107011070110701 0.0036900369003690036 0.025830258302583026 
0.02857142857142857 0.009523809523809525 0.009523809523809525 0.009523809523809525 0.009523809523809525 0.6761904761904762 0.009523809523809525 0.047619047619047616 0.009523809523809525 0.009523809523809525 0.02857142857142857 0.009523809523809525 0.009523809523809525 0.009523809523809525 0.12380952380952381 
0.010752688172043012 0.010752688172043012 0.010752688172043012 0.07526881720430108 0.010752688172043012 0.7419354838709677 0.010752688172043012 0.010752688172043012 0.010752688172043012 0.010752688172043012 0.010752688172043012 0.010752688172043012 0.010752688172043012 0.053763440860215055 0.010752688172043012 
0.001451378809869376 0.001451378809869376 0.0043541364296081275 0.00725689404934688 0.001451378809869376 0.7880986937590712 0.001451378809869376 0.18142235123367198 0.001451378809869376 0.0043541364296081275 0.001451378809869376 0.001451378809869376 0.001451378809869376 0.001451378809869376 0.001451378809869376 
0.006289308176100629 0.006289308176100629 0.006289308176100629 0.006289308176100629 0.018867924528301886 0.710691823899371 0.006289308176100629 0.018867924528301886 0.06918238993710692 0.006289308176100629 0.018867924528301886 0.006289308176100629 0.006289308176100629 0.006289308176100629 0.1069182389937107 
0.0034602076124567475 0.01730103806228374 0.0034602076124567475 0.0034602076124567475 0.0034602076124567475 0.08650519031141868 0.010380622837370242 0.0034602076124567475 0.0034602076124567475 0.0034602076124567475 0.0034602076124567475 0.0034602076124567475 0.8477508650519031 0.0034602076124567475 0.0034602076124567475 
0.0017761989342806395 0.0017761989342806395 0.0017761989342806395 0.0017761989342806395 0.0017761989342806395 0.8081705150976909 0.0017761989342806395 0.0017761989342806395 0.0053285968028419185 0.14031971580817051 0.0017761989342806395 0.023090586145648313 0.0017761989342806395 0.0053285968028419185 0.0017761989342806395 
0.030303030303030304 0.030303030303030304 0.030303030303030304 0.030303030303030304 0.030303030303030304 0.3333333333333333 0.030303030303030304 0.030303030303030304 0.030303030303030304 0.2727272727272727 0.030303030303030304 0.030303030303030304 0.030303030303030304 0.030303030303030304 0.030303030303030304 
0.03296703296703297 0.01098901098901099 0.01098901098901099 0.01098901098901099 0.03296703296703297 0.6923076923076923 0.01098901098901099 0.01098901098901099 0.01098901098901099 0.054945054945054944 0.01098901098901099 0.03296703296703297 0.01098901098901099 0.03296703296703297 0.03296703296703297 
0.004594180704441042 0.0015313935681470138 0.004594180704441042 0.6355283307810107 0.0015313935681470138 0.05359877488514548 0.05666156202143951 0.0015313935681470138 0.02909647779479326 0.0015313935681470138 0.0015313935681470138 0.0015313935681470138 0.2006125574272588 0.004594180704441042 0.0015313935681470138 
0.047619047619047616 0.047619047619047616 0.047619047619047616 0.047619047619047616 0.047619047619047616 0.23809523809523808 0.047619047619047616 0.14285714285714285 0.047619047619047616 0.047619047619047616 0.047619047619047616 0.047619047619047616 0.047619047619047616 0.047619047619047616 0.047619047619047616 
0.022222222222222223 0.022222222222222223 0.022222222222222223 0.022222222222222223 0.022222222222222223 0.4666666666666667 0.022222222222222223 0.022222222222222223 0.022222222222222223 0.022222222222222223 0.022222222222222223 0.022222222222222223 0.06666666666666667 0.06666666666666667 0.15555555555555556 
0.005076142131979695 0.015228426395939087 0.015228426395939087 0.005076142131979695 0.005076142131979695 0.015228426395939087 0.005076142131979695 0.005076142131979695 0.005076142131979695 0.005076142131979695 0.8984771573604061 0.005076142131979695 0.005076142131979695 0.005076142131979695 0.005076142131979695 
0.005025125628140704 0.005025125628140704 0.02512562814070352 0.02512562814070352 0.01507537688442211 0.01507537688442211 0.005025125628140704 0.005025125628140704 0.02512562814070352 0.005025125628140704 0.8391959798994975 0.005025125628140704 0.005025125628140704 0.005025125628140704 0.01507537688442211 
0.0016366612111292963 0.0016366612111292963 0.4238952536824877 0.0016366612111292963 0.0016366612111292963 0.008183306055646482 0.0016366612111292963 0.004909983633387889 0.0016366612111292963 0.0016366612111292963 0.2635024549918167 0.28314238952536824 0.0016366612111292963 0.0016366612111292963 0.0016366612111292963 
0.036065573770491806 0.003278688524590164 0.14754098360655737 0.003278688524590164 0.022950819672131147 0.01639344262295082 0.003278688524590164 0.003278688524590164 0.009836065573770493 0.003278688524590164 0.7311475409836066 0.009836065573770493 0.003278688524590164 0.003278688524590164 0.003278688524590164 
0.0012484394506866417 0.0012484394506866417 0.018726591760299626 0.0012484394506866417 0.003745318352059925 0.0012484394506866417 0.0012484394506866417 0.0012484394506866417 0.0012484394506866417 0.008739076154806492 0.9500624219725343 0.006242197253433208 0.0012484394506866417 0.0012484394506866417 0.0012484394506866417 
9.407337723424271E-4 9.407337723424271E-4 0.07243650047036689 9.407337723424271E-4 9.407337723424271E-4 0.0028222013170272815 9.407337723424271E-4 9.407337723424271E-4 9.407337723424271E-4 0.004703668861712135 0.9078080903104422 9.407337723424271E-4 0.0028222013170272815 9.407337723424271E-4 9.407337723424271E-4 
0.0019047619047619048 0.0019047619047619048 0.08952380952380952 0.0019047619047619048 0.0019047619047619048 0.0019047619047619048 0.0019047619047619048 0.0019047619047619048 0.0019047619047619048 0.005714285714285714 0.8819047619047619 0.0019047619047619048 0.0019047619047619048 0.0019047619047619048 0.0019047619047619048 
0.014354066985645933 0.004784688995215311 0.09090909090909091 0.004784688995215311 0.004784688995215311 0.004784688995215311 0.004784688995215311 0.004784688995215311 0.004784688995215311 0.004784688995215311 0.8277511961722488 0.004784688995215311 0.014354066985645933 0.004784688995215311 0.004784688995215311 
8.718395815170009E-4 8.718395815170009E-4 0.7715780296425457 8.718395815170009E-4 8.718395815170009E-4 0.0026155187445510027 0.0026155187445510027 8.718395815170009E-4 0.004359197907585004 8.718395815170009E-4 0.14210985178727115 0.06190061028770706 8.718395815170009E-4 0.006102877070619006 0.0026155187445510027 
3.972983710766786E-4 3.972983710766786E-4 0.4747715534366309 0.0011918951132300357 0.055224473579658324 3.972983710766786E-4 0.0011918951132300357 3.972983710766786E-4 3.972983710766786E-4 3.972983710766786E-4 0.4620580055621772 0.0011918951132300357 3.972983710766786E-4 0.0011918951132300357 3.972983710766786E-4 
0.004329004329004329 0.004329004329004329 0.004329004329004329 0.012987012987012988 0.004329004329004329 0.004329004329004329 0.004329004329004329 0.004329004329004329 0.004329004329004329 0.004329004329004329 0.9307359307359307 0.004329004329004329 0.004329004329004329 0.004329004329004329 0.004329004329004329 
0.00463678516228748 0.00463678516228748 0.0015455950540958269 0.0015455950540958269 0.0015455950540958269 0.0077279752704791345 0.0015455950540958269 0.9474497681607419 0.0015455950540958269 0.0015455950540958269 0.0015455950540958269 0.0015455950540958269 0.0077279752704791345 0.0015455950540958269 0.013910355486862442 
0.009174311926605505 0.009174311926605505 0.027522935779816515 0.009174311926605505 0.009174311926605505 0.009174311926605505 0.009174311926605505 0.8348623853211009 0.009174311926605505 0.009174311926605505 0.009174311926605505 0.027522935779816515 0.009174311926605505 0.009174311926605505 0.009174311926605505 
0.0077628793225123505 0.013408609738884969 0.15314043754410728 7.057163020465773E-4 0.006351446718419196 7.057163020465773E-4 7.057163020465773E-4 0.7487649964714185 7.057163020465773E-4 0.021877205363443897 7.057163020465773E-4 0.03599153140437544 7.057163020465773E-4 7.057163020465773E-4 0.0077628793225123505 
0.008264462809917356 0.008264462809917356 0.008264462809917356 0.008264462809917356 0.008264462809917356 0.024793388429752067 0.008264462809917356 0.008264462809917356 0.371900826446281 0.008264462809917356 0.008264462809917356 0.008264462809917356 0.008264462809917356 0.024793388429752067 0.48760330578512395 
0.009174311926605505 0.009174311926605505 0.009174311926605505 0.009174311926605505 0.8165137614678899 0.009174311926605505 0.009174311926605505 0.009174311926605505 0.009174311926605505 0.009174311926605505 0.009174311926605505 0.009174311926605505 0.06422018348623854 0.009174311926605505 0.009174311926605505 
0.014925373134328358 0.014925373134328358 0.014925373134328358 0.014925373134328358 0.014925373134328358 0.014925373134328358 0.014925373134328358 0.014925373134328358 0.582089552238806 0.07462686567164178 0.014925373134328358 0.014925373134328358 0.014925373134328358 0.1044776119402985 0.07462686567164178 
0.02702702702702703 0.02702702702702703 0.02702702702702703 0.02702702702702703 0.08108108108108109 0.02702702702702703 0.02702702702702703 0.02702702702702703 0.13513513513513514 0.02702702702702703 0.02702702702702703 0.35135135135135137 0.02702702702702703 0.02702702702702703 0.13513513513513514 
5.941770647653001E-4 0.0017825311942959 5.941770647653001E-4 5.941770647653001E-4 0.0029708853238265003 0.0017825311942959 5.941770647653001E-4 5.941770647653001E-4 5.941770647653001E-4 5.941770647653001E-4 5.941770647653001E-4 5.941770647653001E-4 0.976232917409388 5.941770647653001E-4 0.0112893642305407 
0.028037383177570093 0.009345794392523364 0.04672897196261682 0.009345794392523364 0.009345794392523364 0.6448598130841121 0.009345794392523364 0.12149532710280374 0.009345794392523364 0.009345794392523364 0.009345794392523364 0.028037383177570093 0.009345794392523364 0.009345794392523364 0.04672897196261682 
0.010309278350515464 0.01718213058419244 0.024054982817869417 0.003436426116838488 0.003436426116838488 0.003436426116838488 0.010309278350515464 0.140893470790378 0.6013745704467354 0.003436426116838488 0.003436426116838488 0.024054982817869417 0.044673539518900345 0.003436426116838488 0.10652920962199312 
0.9680440771349862 5.509641873278236E-4 0.003856749311294766 5.509641873278236E-4 5.509641873278236E-4 5.509641873278236E-4 0.003856749311294766 5.509641873278236E-4 0.0027548209366391185 5.509641873278236E-4 5.509641873278236E-4 5.509641873278236E-4 5.509641873278236E-4 0.01487603305785124 0.001652892561983471 
0.0019880715705765406 0.0019880715705765406 0.19284294234592445 0.0019880715705765406 0.0019880715705765406 0.005964214711729622 0.0019880715705765406 0.705765407554672 0.02982107355864811 0.033797216699801194 0.0019880715705765406 0.0019880715705765406 0.0019880715705765406 0.0019880715705765406 0.013916500994035786 
0.004694835680751174 0.014084507042253521 0.004694835680751174 0.03286384976525822 0.004694835680751174 0.004694835680751174 0.8028169014084507 0.051643192488262914 0.004694835680751174 0.004694835680751174 0.004694835680751174 0.023474178403755867 0.03286384976525822 0.004694835680751174 0.004694835680751174 
0.0016313213703099511 0.03425774877650897 0.8205546492659054 0.0016313213703099511 0.0016313213703099511 0.0016313213703099511 0.0016313213703099511 0.11908646003262642 0.0016313213703099511 0.0016313213703099511 0.0016313213703099511 0.0016313213703099511 0.0016313213703099511 0.0016313213703099511 0.008156606851549755 
0.006993006993006993 0.006993006993006993 0.006993006993006993 0.006993006993006993 0.006993006993006993 0.7622377622377622 0.006993006993006993 0.006993006993006993 0.03496503496503497 0.02097902097902098 0.006993006993006993 0.006993006993006993 0.006993006993006993 0.04895104895104895 0.06293706293706294 
0.0410958904109589 0.0136986301369863 0.0136986301369863 0.0136986301369863 0.0136986301369863 0.6712328767123288 0.0136986301369863 0.0136986301369863 0.0136986301369863 0.0684931506849315 0.0136986301369863 0.0410958904109589 0.0136986301369863 0.0136986301369863 0.0410958904109589 
0.00906344410876133 0.0030211480362537764 0.0030211480362537764 0.0030211480362537764 0.0030211480362537764 0.015105740181268883 0.03927492447129909 0.8429003021148036 0.027190332326283987 0.0030211480362537764 0.0030211480362537764 0.0030211480362537764 0.021148036253776436 0.00906344410876133 0.015105740181268883 
0.0034602076124567475 0.12802768166089964 0.0034602076124567475 0.0034602076124567475 0.0034602076124567475 0.0034602076124567475 0.0034602076124567475 0.0034602076124567475 0.0034602076124567475 0.0034602076124567475 0.0034602076124567475 0.8269896193771626 0.0034602076124567475 0.0034602076124567475 0.0034602076124567475 
0.011494252873563218 0.011494252873563218 0.1724137931034483 0.08045977011494253 0.011494252873563218 0.011494252873563218 0.011494252873563218 0.011494252873563218 0.4942528735632184 0.011494252873563218 0.12643678160919541 0.011494252873563218 0.011494252873563218 0.011494252873563218 0.011494252873563218 
0.0030211480362537764 0.0030211480362537764 0.027190332326283987 0.0030211480362537764 0.0030211480362537764 0.015105740181268883 0.0030211480362537764 0.00906344410876133 0.8972809667673716 0.0030211480362537764 0.00906344410876133 0.0030211480362537764 0.015105740181268883 0.0030211480362537764 0.0030211480362537764 
0.023255813953488372 0.023255813953488372 0.06976744186046512 0.023255813953488372 0.023255813953488372 0.023255813953488372 0.023255813953488372 0.023255813953488372 0.4883720930232558 0.023255813953488372 0.023255813953488372 0.023255813953488372 0.023255813953488372 0.11627906976744186 0.06976744186046512 
0.006622516556291391 0.006622516556291391 0.033112582781456956 0.019867549668874173 0.006622516556291391 0.6556291390728477 0.006622516556291391 0.006622516556291391 0.046357615894039736 0.006622516556291391 0.019867549668874173 0.1390728476821192 0.006622516556291391 0.033112582781456956 0.006622516556291391 
0.0015174506828528073 0.0015174506828528073 0.0015174506828528073 0.0015174506828528073 0.0015174506828528073 0.26251896813353565 0.0015174506828528073 0.0015174506828528073 0.7147192716236722 0.0015174506828528073 0.0015174506828528073 0.0015174506828528073 0.0015174506828528073 0.004552352048558422 0.0015174506828528073 
0.02127659574468085 0.02127659574468085 0.02127659574468085 0.02127659574468085 0.02127659574468085 0.2765957446808511 0.02127659574468085 0.02127659574468085 0.23404255319148937 0.02127659574468085 0.02127659574468085 0.14893617021276595 0.02127659574468085 0.10638297872340426 0.02127659574468085 
0.03861517976031957 0.0013315579227696406 0.022636484687083888 0.0013315579227696406 0.0013315579227696406 0.0039946737683089215 0.0013315579227696406 0.006657789613848202 0.0013315579227696406 0.006657789613848202 0.0013315579227696406 0.9014647137150466 0.0013315579227696406 0.0013315579227696406 0.009320905459387484 
9.569377990430622E-4 9.569377990430622E-4 9.569377990430622E-4 0.9732057416267943 9.569377990430622E-4 0.0028708133971291866 9.569377990430622E-4 0.0028708133971291866 9.569377990430622E-4 0.00861244019138756 9.569377990430622E-4 9.569377990430622E-4 9.569377990430622E-4 0.0028708133971291866 9.569377990430622E-4 
4.0404040404040404E-4 4.0404040404040404E-4 0.0028282828282828283 0.00202020202020202 0.0012121212121212121 4.0404040404040404E-4 0.9806060606060606 4.0404040404040404E-4 4.0404040404040404E-4 4.0404040404040404E-4 4.0404040404040404E-4 4.0404040404040404E-4 4.0404040404040404E-4 0.008484848484848486 0.0012121212121212121 
0.006993006993006993 0.006993006993006993 0.006993006993006993 0.8741258741258742 0.02097902097902098 0.006993006993006993 0.006993006993006993 0.006993006993006993 0.006993006993006993 0.006993006993006993 0.02097902097902098 0.006993006993006993 0.006993006993006993 0.006993006993006993 0.006993006993006993 
0.004291845493562232 0.004291845493562232 0.012875536480686695 0.004291845493562232 0.004291845493562232 0.02145922746781116 0.004291845493562232 0.004291845493562232 0.39914163090128757 0.004291845493562232 0.004291845493562232 0.004291845493562232 0.012875536480686695 0.012875536480686695 0.5021459227467812 
0.002004008016032064 0.002004008016032064 0.002004008016032064 0.002004008016032064 0.002004008016032064 0.002004008016032064 0.006012024048096192 0.002004008016032064 0.6593186372745491 0.002004008016032064 0.002004008016032064 0.002004008016032064 0.002004008016032064 0.11022044088176353 0.20240480961923848 
0.012987012987012988 0.012987012987012988 0.012987012987012988 0.012987012987012988 0.012987012987012988 0.03896103896103896 0.012987012987012988 0.45454545454545453 0.22077922077922077 0.06493506493506493 0.012987012987012988 0.012987012987012988 0.03896103896103896 0.012987012987012988 0.06493506493506493 
0.0014104372355430183 0.0014104372355430183 0.004231311706629055 0.0014104372355430183 0.0014104372355430183 0.0014104372355430183 0.0014104372355430183 0.0014104372355430183 0.9605077574047954 0.0014104372355430183 0.0014104372355430183 0.0014104372355430183 0.0014104372355430183 0.018335684062059238 0.0014104372355430183 
0.02127659574468085 0.02127659574468085 0.02127659574468085 0.02127659574468085 0.02127659574468085 0.02127659574468085 0.02127659574468085 0.06382978723404255 0.19148936170212766 0.23404255319148937 0.02127659574468085 0.10638297872340426 0.10638297872340426 0.02127659574468085 0.10638297872340426 
0.04 0.024 0.008 0.008 0.024 0.008 0.008 0.472 0.344 0.008 0.008 0.008 0.024 0.008 0.008 
0.012048192771084338 0.012048192771084338 0.012048192771084338 0.012048192771084338 0.012048192771084338 0.060240963855421686 0.012048192771084338 0.012048192771084338 0.4457831325301205 0.012048192771084338 0.03614457831325301 0.3253012048192771 0.012048192771084338 0.012048192771084338 0.012048192771084338 
